000042
000035
000112
000152
000523
000939
003374
000200
000293
000860
001121
003595
004594
004661
005571
009179
009717
009894
010664
011060
011081
011636
012149
012778
000023
000071
001284
001411
001758
002464
004872
004965
008582
009120
009185
009625
010385
010570
010773
011182
011784
011833
017845
017881
023892
024650
024685
026492
028804
029393
029693
030024
032131
032754
033560
034584
034620
044220
044242
046942
047870
050573
051500
053680
055680
057587
000054
000188
000612
000700
003111
003820
004111
005041
005521
006440
006575
006653
011463
011922
014572
020585
021835
023333
024621
024646
025444
033855
033895
043500
045161
046053
056859
059274
061300
062300
063100
064771
065651
066091
000074
000222
001448
001637
002241
004661
004840
007255
007330
007778
008447
013261
014882
015429
016931
018996
026200
027819
030111
031822
033517
035366
036835
041131
001852
005981
011645
024700
032139
039431
048624
059874
069604
072025
072833
075590
075647
076912
083163
084263
085803
091633
096691
097991
099551
101891
103491
001721
004153
004673
005781
007180
008753
014760
020862
028130
029983
038414
042200
051871
055988
058692
059885
001316
002622
005100
007618
011233
011751
012662
017992
025085
025817
029650
032469
033986
044458
054422
055718
059221
072521
075404
079152
000132
001332
001566
004006
004368
008718
009128
013937
018769
019975
026062
028675
029414
010943
017772
026014
050323
059963
060000
063651
066746
073370
087461
091121
092082
023884
048874
081557
092045
160589
167583
